5 5

+10.0  +3.0  +2.0  +1.0  +3.0    +2.0
 -2.0 +14.0  -3.0  +4.0  +1.0    +4.0
 -3.5  +1.0 +12.0  -3.0  +1.0   +25.0
 +2.0  -3.0  -2.0  +8.0  +0.0    -2.0
 +4.5  -2.5  +3.0  -5.0 +23.0    +1.0


determinant should be 338874

Solution should be
x = (
	-0.42791
	+0.50247
	+2.05339
	+0.55873
	-0.03544
)

*******************************************


5 5

+10.0  +3.0  +2.0  +1.0  +3.0    +2.0
 -2.0 +14.0  -3.0  +4.0  +1.0    +4.0
 -3.5  +1.0 +12.0  -3.0  +1.0   +25.0
 +2.0  -3.0  -2.0  +8.0  +0.0    -2.0
 +4.5  -2.5  +3.0  -5.0 -23.0    +1.0


determinant should be 338874

Solution should be
x = (
	-0.41232
	+0.51110
	+2.06333
	+0.56058
	-0.03244
)
.


*******************************************

4 4

1.0	3.0	2.0	1.0   2.0
3.0	4.0	2.0	1.0   3.0
2.0	3.0	3.0	3.0   1.0
2.0	1.0	1.0	2.0   1.0

determinant should be -3

Solution should be x = (-1 3 -4 2).